00000011111111110010322200001111
01111110000200002010302220111111
11000000333333330010302200111120
01002033301110000110333000111200
01103330001112000100203330111000
00103022001111201100000033333333
20103022201111110111111000020000
00103222000011110000001111111111
00103222000011110000001111111111
20103022201111110111111000020000
00103022001111201100000033333333
01103330001112000100203330111000
01002033301110000110333000111200
11000000333333330010302200111120
01111110000200002010302220111111
00000011111111110010322200001111
